1
0.99
0.9801
0.970299
0.960596
0.95099
0.94148
0.932065
0.922745
0.913517
0.904382
0.895338
0.886385
0.877521
0.868746
0.860058
0.851458
0.842943
0.834514
0.826169
0.817907
0.809728
0.801631
0.793614
0.785678
0.777821
0.770043
0.762343
0.754719
0.747172
0.7397
0.732303
0.72498
0.717731
0.710553
0.703448
0.696413
0.689449
0.682555
0.675729
0.668972
0.662282
0.655659
0.649103
0.642612
0.636185
0.629824
0.623525
0.61729
0.611117
0.605006
0.598956
0.592966
0.587037
0.581166
0.575355
0.569601
0.563905
0.558266
0.552683
0.547157
0.541685
0.536268
0.530906
0.525596
0.520341
0.515137
0.509986
0.504886
0.499837
0.494839
0.48989
0.484991
0.480141
0.47534
0.470587
0.465881
0.461222
0.45661
0.452044
0.447523
0.443048
0.438618
0.434231
0.429889
0.42559
0.421334
0.417121
0.41295
0.40882
0.404732
0.400685
0.396678
0.392711
0.388784
0.384896
0.381047
0.377237
0.373464
0.36973
0.366032
0.362372
0.358748
0.355161
0.351609
0.348093
0.344612
0.341166
0.337754
0.334377
0.331033
0.327723
0.324446
0.321201
0.317989
0.314809
0.311661
0.308544
0.305459
0.302404
0.29938
0.296387
0.293423
0.290488
0.287584
0.284708
0.281861
0.279042
0.276252
0.273489
0.270754
0.268047
0.265366
0.262713
0.260085
0.257485
0.25491
0.252361
0.249837
0.247339
0.244865
0.242417
0.239992
0.237593
0.235217
0.232864
0.230536
0.22823
0.225948
0.223689
0.221452
0.219237
0.217045
0.214874
0.212726
0.210598
0.208492
0.206408
0.204343
0.2023
0.200277
0.198274
0.196292
0.194329
0.192385
0.190461
0.188557
0.186671
0.184805
0.182957
0.181127
0.179316
0.177523
0.175747
0.17399
0.17225
0.170527
0.168822
0.167134
0.165463
0.163808
0.16217
0.160548
0.158943
0.157353
0.15578
0.154222
0.15268
0.151153
0.149641
0.148145
0.146664
0.145197
0.143745
0.142307
0.140884
0.139476
0.138081
0.1367
0.135333
0.13398
0.13264
0.131313
0.13
0.1287
0.127413
0.126139
0.124878
0.123629
0.122393
0.121169
0.119957
0.118758
0.11757
0.116394
0.11523
0.114078
0.112937
0.111808
0.11069
0.109583
0.108487
0.107402
0.106328
0.105265
0.104212
0.10317
0.102138
0.101117
0.100106
0.0991048
0.0981138
0.0971326
0.0961613
0.0951997
0.0942477
0.0933052
0.0923722
0.0914484
0.090534
0.0896286
0.0887323
0.087845
0.0869666
0.0860969
0.0852359
0.0843836
0.0835397
0.0827043
0.0818773
0.0810585
0.0802479
0.0794455
0.078651
0.0778645
0.0770858
0.076315
0.0755518
0.0747963
0.0740484
0.0733079
0.0725748
0.071849
0.0711306
0.0704192
0.0697151
0.0690179
0.0683277
0.0676444
0.066968
0.0662983
0.0656353
0.064979
0.0643292
0.0636859
0.063049
0.0624186
0.0617944
0.0611764
0.0605647
0.059959
0.0593594
0.0587658
0.0581782
0.0575964
0.0570204
0.0564502
0.0558857
0.0553269
0.0547736
0.0542259
0.0536836
0.0531468
0.0526153
0.0520891
0.0515683
0.0510526
0.050542
0.0500366
0.0495363
0.0490409
0.0485505
0.048065
0.0475843
0.0471085
0.0466374
0.046171
0.0457093
0.0452522
0.0447997
0.0443517
0.0439082
0.0434691
0.0430344
0.0426041
0.042178
0.0417563
0.0413387
0.0409253
0.040516
0.0401109
0.0397098
0.0393127
0.0389196
0.0385304
0.0381451
0.0377636
0.037386
0.0370121
0.036642
0.0362756
0.0359128
0.0355537
0.0351981
0.0348462
0.0344977
0.0341527
0.0338112
0.0334731
0.0331384
0.032807
0.0324789
0.0321541
0.0318326
0.0315142
0.0311991
0.0308871
0.0305782
0.0302725
0.0299697
0.02967
0.0293733
0.0290796
0.0287888
0.0285009
0.0282159
0.0279338
0.0276544
0.0273779
0.0271041
0.0268331
0.0265647
0.0262991
0.0260361
0.0257757
0.025518
0.0252628
0.0250102
0.0247601
0.0245125
0.0242673
0.0240247
0.0237844
0.0235466
0.0233111
0.023078
0.0228472
0.0226187
0.0223926
0.0221686
0.0219469
0.0217275
0.0215102
0.0212951
0.0210821
0.0208713
0.0206626
0.020456
0.0202514
0.0200489
0.0198484
0.0196499
0.0194534
0.0192589
0.0190663
0.0188756
0.0186869
0.0185
0.018315
0.0181319
0.0179506
0.017771
0.0175933
0.0174174
0.0172432
0.0170708
0.0169001
0.0167311
0.0165638
0.0163981
0.0162342
0.0160718
0.0159111
0.015752
0.0155945
0.0154385
0.0152841
0.0151313
0.01498
0.0148302
0.0146819
0.0145351
0.0143897
0.0142458
0.0141034
0.0139623
0.0138227
0.0136845
0.0135476
0.0134122
0.013278
0.0131453
0.0130138
0.0128837
0.0127548
0.0126273
0.012501
0.012376
0.0122522
0.0121297
0.0120084
0.0118883
0.0117694
0.0116518
0.0115352
0.0114199
0.0113057
0.0111926
0.0110807
0.0109699
0.0108602
0.0107516
0.0106441
0.0105376
0.0104323
0.0103279
0.0102247
0.0101224
0.0100212
0.00992097
0.00982176
0.00972355
0.00962631
0.00953005
0.00943475
0.0093404
0.009247
0.00915453
0.00906298
0.00897235
0.00888263
0.0087938
0.00870586
0.0086188
0.00853262
0.00844729
0.00836282
0.00827919
0.0081964
0.00811443
0.00803329
0.00795296
0.00787343
0.00779469
0.00771675
0.00763958
0.00756318
0.00748755
0.00741268
0.00733855
0.00726516
0.00719251
0.00712059
0.00704938
0.00697889
0.0069091
0.00684001
0.00677161
0.00670389
0.00663685
0.00657048
